k = 5*10^(9);
R = 8.31;
Ea = 65000;
F0A = 0.001;
T0A = 25;
T0B = 45;
C0A = 2;
C0B = 2;
Ro = 998;
RoH = 998;
Cp = 3140;
CpH = 3140;
U = 1200;
F0H = 0.01;
T0H = 90;
                %Ezután változtatandó értékek jönnek, úgyhogy ezeket külön szedtem
F0B = 0.004;
F = F0A + F0B;   %0.004ig 

V = 0.1;         %0.1, 0.5 és 1
A = 5*V^(2/3);
VH = V/10;